0 2.855502 4.36059 0.8302519 6.97853
1 2.755153 4.396823 0.8234242 7.053085
2 2.910163 4.480484 0.7377362 7.068715
3 3.128092 4.554081 0.7943636 6.658103
4 2.856195 4.601281 0.6964218 6.337592
5 2.86501 4.551675 0.711868 6.87999
6 2.486759 4.512388 0.8895173 7.491182
7 2.486759 4.327863 0.9886429 7.198678
8 2.611649 4.248016 0.992869 7.198678
9 2.609833 4.444593 1.011622 7.104171
10 2.847263 4.604043 0.9488229 7.248224
11 2.847263 4.358394 0.9199481 8.05027
12 2.819732 4.399002 0.9747093 8.05027
13 2.602356 4.510344 0.9965671 8.05027
14 2.650393 4.578163 1.023768 7.837159
15 2.937929 4.466424 1.032475 7.837159
16 2.438122 4.449945 1.041451 7.656435
17 2.438122 4.517171 1.193806 7.656435
18 2.438122 4.513277 1.152628 7.656435
19 2.611763 4.650535 1.297776 8.709229
20 2.836382 4.479823 1.15671 7.668795
21 2.646586 4.611423 1.141615 7.656435
22 2.646586 4.541639 1.086315 7.316068
23 2.562271 4.577796 1.05391 7.423095
24 2.481136 4.74045 1.076997 7.423095
25 2.338171 4.474789 1.038897 7.495358
26 2.438201 4.303647 1.092325 7.100781
27 2.438201 4.373325 1.128691 7.453773
28 2.438201 4.391054 1.042315 7.453773
29 2.619768 4.243679 0.9476979 7.583492
30 2.319492 4.244536 0.9348639 6.935688
31 2.728094 4.495479 1.015747 6.962482
32 2.413538 4.493335 1.038996 7.891081
33 2.353437 4.654752 1.186881 8.013552
34 2.274012 4.920956 1.187611 8.406967
35 2.353437 4.818874 1.0912 8.406967
36 2.741847 4.684658 1.144568 7.841551
37 2.509769 4.455838 0.979847 7.106161
38 2.471493 4.58961 1.085446 7.730993
39 2.501141 4.464255 1.049298 7.215884
40 2.501141 4.526507 1.1289 7.703997
41 2.501141 4.496977 0.907045 7.260485
42 2.361552 4.387287 0.9658471 6.699722
43 2.361552 4.373184 0.9633881 7.146991
44 2.247114 4.355119 0.9517593 7.093074
45 2.361552 4.374085 0.8613957 6.360684
46 2.361552 4.364288 0.9382232 7.114112
47 2.500951 4.233845 0.8195198 6.303119
48 2.500951 4.258638 0.9190863 7.534845
49 2.261526 4.165162 0.9765838 7.534845
50 2.541171 4.245687 1.011772 8.596908
51 2.541171 4.169175 0.8236443 6.752382
52 2.565305 4.051065 0.7406631 7.534411
53 2.483154 3.947019 0.7422324 5.987832
54 2.248466 3.915461 0.7674257 5.768101
55 2.248466 4.025936 0.8688928 6.14199
56 2.248466 4.136351 0.9542498 6.14199
57 2.248466 4.066966 0.9576954 6.294072
58 2.248466 4.079706 0.9946869 6.450469
59 2.284811 4.127582 0.9103936 6.559666
60 2.284811 4.087171 0.9210548 6.559666
61 2.284811 3.964306 0.8572335 5.896625
62 2.284811 3.930084 0.8256881 5.700308
63 2.450348 4.056724 0.7836177 5.741652
64 2.435548 3.972126 0.7287946 5.741652
65 2.665295 4.105111 0.7922065 5.905331
66 2.530488 4.002478 0.6839547 5.905331
67 2.333086 4.029992 0.7412791 6.297204
68 2.387169 4.05014 0.7040336 6.297204
69 2.705114 4.043275 0.759777 6.297204
70 2.475583 4.118071 0.7710543 6.297204
71 2.698177 4.130712 0.7577628 5.990888
72 2.582365 3.953519 0.6848673 5.777208
73 2.203934 4.049615 0.7986656 6.758554
74 2.33039 4.104344 0.8398587 6.719723
75 2.503648 3.963161 0.7462183 6.118779
76 2.503648 4.045262 0.769679 6.118779
77 2.522142 3.997303 0.8059188 5.978853
78 2.548826 4.032943 0.7902139 5.978853
79 2.471717 4.001381 0.8397363 5.978853
80 2.494026 3.977782 0.7750258 5.674088
81 2.393771 3.973732 0.7802559 6.01049
82 2.412245 4.054995 0.8197224 6.948596
83 2.412245 3.949195 0.8331199 6.948596
84 2.688758 4.038677 0.791274 6.378648
85 2.547295 3.994067 0.762544 6.378648
86 2.6546 3.984389 0.7510338 6.378648
87 2.650913 4.053202 0.808084 6.388783
88 2.6546 4.096746 0.8471842 6.576389
89 2.840091 4.130284 0.8460784 6.621278
90 2.928854 4.251898 0.7763203 6.576389
91 2.941 4.279861 0.763608 7.11805
92 2.699066 4.263521 0.7715969 6.188756
93 2.347614 4.201984 0.8521942 6.230805
94 2.347614 4.154038 0.8916981 6.410654
95 2.364268 4.108954 0.8724517 6.410654
96 2.719902 4.066695 0.7249497 5.911164
97 2.615563 3.874526 0.7378674 5.911164
98 2.248609 3.926362 0.7189375 5.736537
99 2.46317 4.020666 0.6993003 5.629965
